1.31934 4.10954   4.31613   4   3.02989
4.05242 4.08629   5.75499   4   269.686
3.24894 4.86559   5.8506   5   362
0.969385 2.4481   2.63304   2   0.939707
0.182998 0.646154   0.671568   1   0.182998
1.31934 4.10954   4.31613   4   3.02989
4.05242 4.08629   5.75499   4   269.686
3.24894 4.86559   5.8506   5   362
0.969385 2.4481   2.63304   2   0.939707
0.182998 0.646154   0.671568   1   0.182998
4.90802 4.10111   6.39592   4   580.264
2.31969 2.09662   3.12678   2   5.38096
2.8819 1.0905   3.08132   1   2.8819
3.09606 0.409003   3.12296   0   1
4.11942 0.0149667   4.11945   0   1
1.54503 2.24506   2.72533   2   2.38712
2.7571 3.58836   4.52525   4   57.7843
